202102 IPC: 0
202103 IPC: 0.214964
202104 IPC: -6.12385
202105 IPC: -1.71861
202106 IPC: -4.3282
202107 IPC: -3.50242
202108 IPC: 11.5434
202109 IPC: 1.59021
202110 IPC: -2.9959
202111 IPC: 3.80096
202112 IPC: 1.37818
202201 IPC: 966.237
202202 IPC: 4.53567
202203 IPC: -3.9689
202204 IPC: 0.862527
202205 IPC: 3.54206
202206 IPC: -0.341511
202207 IPC: -1.37712
202208 IPC: 1.23188
202209 IPC: 0.275354
202210 IPC: -1.91789
202211 IPC: 1.57284
202212 IPC: 2.87083
202301 IPC: 11.6906
202302 IPC: 2.31292
202303 IPC: -4.93289
202304 IPC: 1.60131
202305 IPC: 0.632909
202306 IPC: -0.38835
202307 IPC: -3.71665
202308 IPC: 5.13163
202309 IPC: -0.791358
202310 IPC: -5.36046
202311 IPC: 0.205469
202312 IPC: 2.84974
202401 IPC: 190.698
202402 IPC: -0.834588
202403 IPC: -3.69524
202404 IPC: 7.30357



=== CANASTA BASICA ===
10077
10147
10226
102507
10277
10291
10296
103089
103091
104265
104881
104883
105171
105457
105728
105841
105848
10593
105930
105931
105933
105943
106005
106029
106369
106370
106383
106429
106624
106626
106627
106665
10668
106689
107390
107594
109455
110315
110501
111316
111352
111610
111820
111825
111827
111876
112739
112996
113351
113380
11410
11413
11415
114237
114238
114242
114589
114610
114611
114790
115024
115032
115360
115440
115493
115553
115725
115841
115843
11619
116256
116267
116328
116378
116511
116586
116593
116599
11683
117098
117842
118286
118383
118402
118427
118443
118891
118893
118910
119045
119265
119273
119275
119279
119282
119395
119877
120250
120660
120875
121006
12211
123717
123724
124092
124498
12523
12588
126099
126262
126265
126708
126817
128566
128778
128859
128868
129466
129579
129612
130882
130895
130955
13099
13100
131167
131185
131394
131396
131553
131663
131677
131726
131745
132250
133002
15102
15105
15132
15146
15196
15197
15283
15700
15704
16266
16401
16402
16647
16648
16852
17072
17197
17198
17864
18068
18692
18694
18702
18707
18708
19802
19980
20593
22453
22478
22481
22482
22483
22490
22522
23042
23044
23575
23829
23838
23839
24572
24573
24582
24584
25510
25644
27010
27334
28141
28142
28656
2876
2878
29496
29824
29825
29941
30102
30103
30310
31410
31818
33429
33475
33477
33542
34234
4270
4282
45339
49961
49964
51004
51065
54482
54483
54492
64767
64840
66101
68599
69029
70605
70819
71141
72888
73039
73046
73391
73720
74304
74442
74777
75019
75526
77441
77498
78890
80636
82677
82679
82793
82864
84431
84531
84696
86950
86951
86953
86955
87730
88330
91775
92315
93092
93991
94610
95022
95033
95034
95035
95036
95041
96101
96102
96111
96530
96816
97678
98301
98373
9900256
9900262
99683